[++Day++]

[1]
00799533 00000001

[2]
00799533 00000002

[3]
00799533 00000003

[4]
00799533 00000004

[5]
00799533 00000005

[6]
00799533 00000006

[7]
00799533 00000007

[8]
00799533 00000008

[9]
00799533 00000009

[10]
00799533 0000000A

[11]
00799533 0000000B

[12]
00799533 0000000C

[13]
00799533 0000000D

[14]
00799533 0000000E

[15]
00799533 0000000F

[16]
00799533 00000010

[17]
00799533 00000011

[18]
00799533 00000012

[19]
00799533 00000013

[20]
00799533 00000014

[21]
00799533 00000015

[22]
00799533 00000016

[23]
00799533 00000017

[24]
00799533 00000018

[25]
00799533 00000019

[26]
00799533 0000001A

[27]
00799533 0000001B

[28]
00799533 0000001C

[29]
00799533 0000001D

[30]
00799533 0000001E

[31]
00799533 0000001F

[--]